
2010-12-03-11:42:42  61 428  285 418  281 416
2010-12-03-11:25:48  61 428  285 418  281 416
2010-12-03-11:11:48  61 428  285 418  281 416
2010-12-02-17:17:44  61 428  285 418  281 416
2010-12-02-15:39:46  61 428  285 418  281 416
2010-12-02-15:39:04  60 428  284 419  280 417
2010-12-02-14:05:02  61 428  286 419  282 417
2010-12-02-00:17:43  61 424  286 416  282 414
2010-12-02-00:15:26  61 423  286 415  282 413
2010-12-02-00:14:20  61 423  287 415  282 413
2010-12-01-23:42:43  60 423  288 415  281 413
2010-12-01-22:10:34  60 423  288 415  281 413
2010-12-01-21:53:03  0 423  0 415  0 413
2010-12-01-15:31:02  60 417  288 409  281 407
2010-12-01-15:09:43  60 417  288 409  281 407
2010-12-01-12:48:49  60 417  288 409  281 407
2010-12-01-12:14:02  60 417  288 409  281 407
2010-11-30-20:05:55  60 417  288 409  281 407
2010-11-30-19:31:39  60 417  288 409  282 408
2010-11-26-13:38:56  59 416  292 413  286 412
2010-11-24-17:07:05  59 416  292 413  286 412
2010-11-24-15:17:13  59 416  292 413  286 412
2010-11-24-14:38:34  59 416  292 413  286 412
2010-11-23-16:05:17  59 416  292 413  286 412
2010-11-22-15:35:26  59 416  0 414  287 413
2010-11-22-15:33:23  0 416  0 414  0 413
2010-11-22-15:29:32  0 417  0 415  0 413
2010-11-22-15:25:50  0 417  0 415  0 414
2010-11-22-15:24:37  0 417  0 415  0 414
2010-11-22-15:23:13  0 417  0 415  0 414
2010-11-22-15:21:50  0 417  0 415  0 414
2010-11-19-23:46:30  61 417  295 415  289 414
2010-11-19-17:15:40  51 407  286 406  280 405
2010-11-19-15:57:57  48 404  283 403  277 402
2010-11-19-15:13:09  48 404  283 403  277 402
2010-11-19-10:36:46  15 370  251 369  245 368
2010-11-18-13:05:26  15 370  251 369  249 368
2010-11-18-12:42:15  15 370  251 369  249 368
2010-11-18-11:48:02  15 370  251 369  249 368
2010-11-18-11:40:14  15 370  251 369  249 368
2010-11-18-10:36:07  15 370  251 369  249 368
2010-11-17-15:23:49  15 370  251 369  249 368
2010-11-16-10:53:05  15 370  252 369  249 368
2010-11-16-10:53:02  15 370  252 370  249 369
2010-11-16-10:50:04  15 370  253 370  250 369
2010-11-16-10:36:52  15 370  253 370  249 369
2010-11-16-10:17:14  15 369  253 369  249 368
2010-11-16-10:17:12  15 369  253 369  249 368
2010-11-15-16:23:56  15 363  227 339  213 332
2010-11-15-15:46:39  15 363  227 339  0 332
2010-11-15-15:42:30  15 363  227 339  0 332
2010-11-15-15:03:19  15 363  227 339  213 332
2010-11-14-23:44:26  15 363  227 339  222 332
2010-11-14-16:21:04  15 363  229 339  222 332
2010-11-14-16:01:18  15 363  229 339  222 332
2010-11-14-15:28:39  15 362  229 338  222 331
2010-11-13-10:14:57  15 362  231 338  224 331
2010-11-13-09:27:53  15 362  231 338  224 331
2010-11-12-14:35:24  15 362  231 338  224 331
2010-11-12-14:07:49  12 355  229 333  222 326
2010-11-12-12:14:55  12 355  229 333  222 326
2010-11-12-10:57:32  12 355  229 333  222 326
2010-11-11-17:39:47  12 355  229 333  222 326
2010-11-11-17:33:04  12 355  229 332  222 326
2010-11-11-16:01:31  12 355  229 332  222 326
2010-11-11-15:42:04  12 355  229 331  222 326
2010-11-11-15:11:57  12 355  229 331  222 326
2010-11-11-13:55:39  12 355  229 331  223 326
2010-11-11-13:54:14  12 355  229 331  0 326
2010-11-11-10:36:32  12 355  229 331  309 326
2010-11-11-10:11:57  12 355  229 333  309 326
2010-11-11-10:09:22  12 355  229 333  309 326
2010-11-10-14:43:39  12 358  231 334  312 329
2010-11-10-11:00:22  12 357  232 334  313 329
2010-11-09-13:36:18  8 353  252 353  337 353
2010-11-08-16:40:21  17 345  221 325  301 317
2010-11-05-11:43:17  21 345  221 325  301 316
2010-11-04-17:44:02  21 344  252 324  301 316
2010-11-04-16:38:30  19 340  250 322  299 314
2010-11-04-12:32:44  176 340  250 322  299 314
2010-11-03-16:19:04  211 347  255 327  307 322
2010-11-03-13:01:08  250 329  255 327  307 322
2010-10-20-20:35:34  262 329  255 327  307 322
2010-10-15-13:38:59  262 326  255 324  307 319
2010-10-12-10:48:08  260 310  260 308  300 307
2010-10-11-15:58:33  229 279  230 269  266 273
2010-10-11-11:20:06  61 137  231 266  73 114
2010-10-11-11:17:16  94 137  71 266  107 114
2010-10-08-10:32:00  94 135  105 117  107 114
2010-10-07-14:21:52  94 135  105 116  107 114
2010-09-19-23:23:16  95 114  108 114  109 114
2010-09-03-16:34:39  95 114  108 114  109 114
2010-09-02-14:59:10  98 115  110 115  110 115
2010-09-02-14:58:32  98 115  110 115  110 115
2010-09-02-11:42:09  98 115  110 115  110 115
2010-09-02-11:41:05  98 115  108 115  108 115
2010-09-02-09:43:03  108 115  108 115  108 115
2010-09-02-09:42:01  63 68  63 68  63 68
2010-09-01-11:17:18  63 68  67 68  63 68
2010-09-01-11:16:38  63 68  0 0  63 68
2010-09-01-11:05:36  63 68  0 0  63 68
2010-08-31-15:51:54  66 67  0 0  66 67
2010-08-30-12:14:35  66 67  0 0  66 67
2010-08-26-12:24:13  65 66  0 0  65 66
2010-08-26-12:22:08  65 66  0 0  65 66
2010-08-26-11:37:47  63 64  0 64  63 64
2010-08-26-10:54:04  63 64  0 64  63 64
2010-08-25-14:51:12  63 64  0 64  63 64
2010-08-25-12:50:55  0 0  0 0  0 0
2010-08-25-10:09:20  0 0  0 0  0 0
